<html>

<head>
  <meta charset="utf-8" />
  <script src="https://cdn.patricktriest.com/blog/images/posts/crypto-markets/plot_pages/plotly-1.29.3.min.js"></script>
</head>

<body>
  <div id="1bd0baf3-e7d7-43ba-8541-42cc8ddad66b" style="height: 100%; width: 100%;" class="plotly-graph-div"></div>
  <script type="text/javascript">
    window.PLOTLYENV = window.PLOTLYENV || {};
    window.PLOTLYENV.BASE_URL = "https://plot.ly";
    Plotly.newPlot("1bd0baf3-e7d7-43ba-8541-42cc8ddad66b", [{
      "type": "heatmap",
      "z": [
        [1.0, 0.38410903341303365, 0.48045289439645716, 0.25961610696927506, 0.19180116792303448,
          0.15933004952094268, 0.2999478918424939, 0.5038321618902709, 0.06640815818518384, 0.35796960364071795
        ],
        [0.38410903341303365, 1.0, 0.6021507466107995, 0.42094549913015633, 0.2553427229785673,
          0.14606450664649687, 0.30349156693381824, 0.4653216591741921, 0.053955431279634015,
          0.4696177985817928
        ],
        [0.48045289439645716, 0.6021507466107995, 1.0, 0.2861208922952864, 0.32371644591565363,
          0.22864792476750814, 0.3435300247101044, 0.6045718940897942, 0.12022690013761429, 0.42178600071847955
        ],
        [0.25961610696927506, 0.42094549913015633, 0.2861208922952864, 1.0, 0.29624377855620787,
          0.3331434882460233, 0.25056574263177367, 0.43926118672411274, 0.32133987209000076, 0.3527125667066239
        ],
        [0.19180116792303448, 0.2553427229785673, 0.32371644591565363, 0.29624377855620787, 1.0,
          0.4171056363952656, 0.2879857371642331, 0.3747066127719829, 0.24838891571597532, 0.377044918550432
        ],
        [0.15933004952094268, 0.14606450664649687, 0.22864792476750814, 0.3331434882460233, 0.4171056363952656,
          1.0, 0.3965196696484464, 0.3418045660938501, 0.6215474437640096, 0.17870613702355928
        ],
        [0.2999478918424939, 0.30349156693381824, 0.3435300247101044, 0.25056574263177367, 0.2879857371642331,
          0.3965196696484464, 1.0, 0.3971301135838725, 0.2703904401506731, 0.366707357565143
        ],
        [0.5038321618902709, 0.4653216591741921, 0.6045718940897942, 0.43926118672411274, 0.3747066127719829,
          0.3418045660938501, 0.3971301135838725, 1.0, 0.21360786841619833, 0.5101627067622612
        ],
        [0.06640815818518384, 0.053955431279634015, 0.12022690013761429, 0.32133987209000076,
          0.24838891571597532, 0.6215474437640096, 0.2703904401506731, 0.21360786841619833, 1.0,
          0.17006981830040782
        ],
        [0.35796960364071795, 0.4696177985817928, 0.42178600071847955, 0.3527125667066239, 0.377044918550432,
          0.17870613702355928, 0.366707357565143, 0.5101627067622612, 0.17006981830040782, 1.0
        ]
      ],
      "x": ["DASH", "ETC", "ETH", "LTC", "SC", "STR", "XEM", "XMR", "XRP", "BTC"],
      "y": ["DASH", "ETC", "ETH", "LTC", "SC", "STR", "XEM", "XMR", "XRP", "BTC"],
      "colorbar": {
        "title": "Pearson Coefficient"
      },
      "zmax": 1.0,
      "zmin": -1.0
    }], {
      "title": "Cryptocurrency Correlations in 2017"
    }, {
      "showLink": false,
      "linkText": "Export to plot.ly"
    })
  </script>
  <script type="text/javascript">
    window.addEventListener("resize", function () {
      Plotly.Plots.resize(document.getElementById("1bd0baf3-e7d7-43ba-8541-42cc8ddad66b"));
    });
  </script>
</body>

</html>