<html>

<head>
  <meta charset="utf-8" />
  <script src="https://cdn.patricktriest.com/blog/images/posts/crypto-markets/plot_pages/plotly-1.29.3.min.js"></script>
</head>

<body>
  <div id="e735b039-6059-4202-a0a5-8e325968fb17" style="height: 100%; width: 100%;" class="plotly-graph-div"></div>
  <script type="text/javascript">
    window.PLOTLYENV = window.PLOTLYENV || {};
    window.PLOTLYENV.BASE_URL = "https://plot.ly";
    Plotly.newPlot("e735b039-6059-4202-a0a5-8e325968fb17", [{
      "type": "heatmap",
      "z": [
        [1.0, 0.00399152055754495, 0.1226951455894151, -0.012193831341403257, 0.02660204219889234,
          0.05808284827106947, 0.014571125037378377, 0.1215374787440633, 0.08865653149107099, -
          0.01403984517623114
        ],
        [0.00399152055754495, 1.0, -0.1819914459369833, -0.13107858347747367, -0.008066486122967462, -
          0.1026541520327045, -0.08093765482194926, -0.10589794169024841, -0.05409497120814209, -
          0.17053777203299636
        ],
        [0.1226951455894151, -0.1819914459369833, 1.0, -0.06465218973099342, 0.16964206118267053,
          0.03509345725369252, 0.043204962612224215, 0.0872156350526322, 0.08562989924170025, -
          0.006502147713525259
        ],
        [-0.012193831341403257, -0.13107858347747367, -0.06465218973099342, 1.0, 0.01225316144314401,
          0.11352327557492956, 0.16066658160246233, 0.12947480150376364, 0.05371170050477543,
          0.7501741922358179
        ],
        [0.02660204219889234, -0.008066486122967462, 0.16964206118267053, 0.01225316144314401, 1.0,
          0.14325153592461967, 0.10615275496915079, 0.04791016062345232, 0.021097624783939874,
          0.03511615294998439
        ],
        [0.05808284827106947, -0.1026541520327045, 0.03509345725369252, 0.11352327557492956,
          0.14325153592461967, 1.0, 0.22513229217923597, 0.027997681318505212, 0.3201159159040388,
          0.07907527896823972
        ],
        [0.014571125037378377, -0.08093765482194926, 0.043204962612224215, 0.16066658160246233,
          0.10615275496915079, 0.22513229217923597, 1.0, 0.016438126854004725, 0.10132596678193632,
          0.2276740018152931
        ],
        [0.1215374787440633, -0.10589794169024841, 0.0872156350526322, 0.12947480150376364, 0.04791016062345232,
          0.027997681318505212, 0.016438126854004725, 1.0, 0.02764926275317811, 0.1275195008262018
        ],
        [0.08865653149107099, -0.05409497120814209, 0.08562989924170025, 0.05371170050477543,
          0.021097624783939874, 0.3201159159040388, 0.10132596678193632, 0.02764926275317811, 1.0,
          0.04416146608286923
        ],
        [-0.01403984517623114, -0.17053777203299636, -0.006502147713525259, 0.7501741922358179,
          0.03511615294998439, 0.07907527896823972, 0.2276740018152931, 0.1275195008262018, 0.04416146608286923,
          1.0
        ]
      ],
      "x": ["DASH", "ETC", "ETH", "LTC", "SC", "STR", "XEM", "XMR", "XRP", "BTC"],
      "y": ["DASH", "ETC", "ETH", "LTC", "SC", "STR", "XEM", "XMR", "XRP", "BTC"],
      "colorbar": {
        "title": "Pearson Coefficient"
      },
      "zmax": 1.0,
      "zmin": -1.0
    }], {
      "title": "Cryptocurrency Correlations in 2016"
    }, {
      "showLink": false,
      "linkText": "Export to plot.ly"
    })
  </script>
  <script type="text/javascript">
    window.addEventListener("resize", function () {
      Plotly.Plots.resize(document.getElementById("e735b039-6059-4202-a0a5-8e325968fb17"));
    });
  </script>
</body>

</html>