<html>

<head>
  <meta charset="utf-8" />
  <script src="https://cdn.patricktriest.com/blog/images/posts/crypto-markets/plot_pages/plotly-1.29.3.min.js"></script>
</head>

<body>
  <div id="b89709ec-6042-4dfb-92fb-44892a2212ff" style="height: 100%; width: 100%;" class="plotly-graph-div"></div>
  <script type="text/javascript">
    window.PLOTLYENV = window.PLOTLYENV || {};
    window.PLOTLYENV.BASE_URL = "https://plot.ly";
    Plotly.newPlot("b89709ec-6042-4dfb-92fb-44892a2212ff", [{
      "type": "heatmap",
      "z": [
        [1.0, 0.9012723676569079, 0.9246190460472296, 0.929946547427123, 0.8116792475385188, 0.6192253583767424,
          0.8689402289848422, 0.9409502137718514, 0.764601602739681, 0.9216063981215921
        ],
        [0.9012723676569079, 1.0, 0.9680917992403817, 0.9201555690902673, 0.941489644452438, 0.7605974890925524,
          0.8957846069022612, 0.9576607411901374, 0.875072074492941, 0.881417173855769
        ],
        [0.9246190460472296, 0.9680917992403817, 1.0, 0.9063969390919875, 0.9386539863702017,
          0.7360558936601632, 0.9122772302305597, 0.9690344355980863, 0.8448582820521874, 0.9221518756747622
        ],
        [0.929946547427123, 0.9201555690902673, 0.9063969390919875, 1.0, 0.8232926629584356, 0.6874946779572286,
          0.8850712119422515, 0.9174511546278155, 0.8302676749683923, 0.910271010336454
        ],
        [0.8116792475385188, 0.941489644452438, 0.9386539863702017, 0.8232926629584356, 1.0, 0.7912723097133457,
          0.8438381590690461, 0.9131013304268791, 0.8718822902799023, 0.8008419840702294
        ],
        [0.6192253583767424, 0.7605974890925524, 0.7360558936601632, 0.6874946779572286, 0.7912723097133457,
          1.0, 0.8382174555100717, 0.792698111994426, 0.9550525251705155, 0.6618593411367802
        ],
        [0.8689402289848422, 0.8957846069022612, 0.9122772302305597, 0.8850712119422515, 0.8438381590690461,
          0.8382174555100717, 1.0, 0.9480965096928562, 0.8991623852577862, 0.9383773552380981
        ],
        [0.9409502137718514, 0.9576607411901374, 0.9690344355980863, 0.9174511546278155, 0.9131013304268791,
          0.792698111994426, 0.9480965096928562, 1.0, 0.8822632637910167, 0.9302475087342634
        ],
        [0.764601602739681, 0.875072074492941, 0.8448582820521874, 0.8302676749683923, 0.8718822902799023,
          0.9550525251705155, 0.8991623852577862, 0.8822632637910167, 1.0, 0.776218761566756
        ],
        [0.9216063981215921, 0.881417173855769, 0.9221518756747622, 0.910271010336454, 0.8008419840702294,
          0.6618593411367802, 0.9383773552380981, 0.9302475087342634, 0.776218761566756, 1.0
        ]
      ],
      "x": ["DASH", "ETC", "ETH", "LTC", "SC", "STR", "XEM", "XMR", "XRP", "BTC"],
      "y": ["DASH", "ETC", "ETH", "LTC", "SC", "STR", "XEM", "XMR", "XRP", "BTC"],
      "colorbar": {
        "title": "Pearson Coefficient"
      },
      "zmax": 1.0,
      "zmin": -1.0
    }], {
      "title": "Cryptocurrency Correlations in 2017"
    }, {
      "showLink": false,
      "linkText": "Export to plot.ly"
    })
  </script>
  <script type="text/javascript">
    window.addEventListener("resize", function () {
      Plotly.Plots.resize(document.getElementById("b89709ec-6042-4dfb-92fb-44892a2212ff"));
    });
  </script>
</body>

</html>